1 0 0
2 1 0
3 1 0
4 2 0
5 2 0
6 3 0
7 3 0
8 4 0
9 5 0
10 5 0
11 5 0
12 6 0
13 6 0
14 6 0
15 7 0
16 8 0
17 8 0
18 9 0
19 9 0
20 10 0
21 10 0
22 11 0
23 11 0
24 12 0
25 12 0
26 13 0
27 13 0
28 14 0
29 14 0
30 15 0
31 15 0
32 16 0
33 16 0
34 16 0
35 17 0
36 18 0
37 19 0
38 20 0
39 21 0
40 22 0
41 23 0
42 24 0
43 25 0
44 26 0
45 27 0
46 28 0
47 29 0
48 30 0
49 31 0
50 31 0
51 31 0
52 32 0
53 32 0
54 33 0
55 33 0
56 34 0
57 34 0
58 35 0
59 35 0
60 36 0
61 36 0
62 37 0
63 37 0
64 38 0
65 38 0
66 39 0
67 39 0
68 40 0
69 40 0
70 41 0
71 41 0
72 42 0
73 42 0
74 43 0
75 43 0
76 44 0
77 44 0
78 45 0
79 46 0
80 46 0
81 47 0
82 47 0
83 48 0
84 48 0
85 49 0
86 49 0
87 50 0
88 50 0
89 51 0
90 51 0
91 52 0
92 53 0
93 54 0
94 55 0
95 56 0
96 57 0
97 58 0
98 58 0
99 58 0
100 59 0
101 60 0
102 61 0
103 61 0
104 62 0
105 62 0
106 62 0
107 63 0
108 64 0
109 65 0
110 65 0
111 66 0
112 67 0
113 67 0
114 67 0
115 68 0
116 69 0
117 69 0
118 69 0
119 70 0
120 70 0
121 70 0
122 71 0
123 72 0
124 73 0
125 73 0
126 73 0
127 74 0
128 74 0
129 74 0
130 75 0
131 76 0
132 76 0
133 76 0
134 77 0
135 78 0
136 79 0
137 80 0
138 80 0
139 80 0
140 81 0
141 81 0
142 81 0
143 82 0
144 83 0
145 84 0
146 84 0
147 84 0
148 85 0
149 86 0
150 87 0
151 88 0
152 89 0
153 91 0
154 92 0
155 92 0
156 93 0
157 93 0
158 94 0
159 94 0
160 95 0
161 95 0
162 96 0
163 96 0
164 97 0
165 97 0
166 98 0
167 98 0
168 99 0
169 99 0
170 100 0
171 100 0
172 101 0
173 101 0
174 102 0
175 102 0
176 103 0
177 103 0
178 104 0
179 104 0
180 105 0
181 105 0
182 106 0
183 106 0
184 107 0
185 107 0
186 108 0
187 108 0
188 109 0
189 109 0
190 110 0
191 110 0
192 111 0
193 111 0
194 112 0
195 112 0
196 113 0
197 113 0
198 114 0
199 114 0
200 115 0
201 115 0
202 116 0
203 116 0
204 117 0
205 117 0
206 118 0
207 119 0
208 119 0
209 120 0
210 120 0
211 121 0
212 122 0
213 122 0
214 123 0
215 123 0
216 124 0
217 124 0
218 125 0
219 125 0
220 126 0
221 126 0
222 127 0
223 127 0
224 128 0
225 128 0
226 129 0
227 130 0
228 130 0
229 131 0
230 132 0
231 132 0
232 133 0
233 133 0
234 134 0
235 134 0
236 135 0
237 135 0
238 136 0
239 136 0
240 137 0
241 137 0
242 138 0
243 139 0
244 140 0
245 140 0
246 141 0
247 141 0
248 142 0
249 143 0
250 143 0
251 144 0
252 144 0
253 145 0
254 145 0
255 146 0
256 146 0
257 147 0
258 147 0
259 148 0
260 148 0
261 149 0
262 149 0
263 150 0
264 150 0
265 151 0
266 151 0
267 152 0
268 152 0
269 153 0
270 154 0
271 154 0
272 154 0
273 155 0
274 156 0
275 157 0
276 157 0
277 157 0
278 158 0
279 159 0
280 159 0
281 159 0
282 160 0
283 161 0
284 161 0
285 161 0
286 162 0
287 162 0
288 162 0
289 163 0
290 164 0
291 166 0
292 167 0
293 168 0
294 169 0
295 170 0
296 170 0
297 170 0
298 171 0
299 172 0
300 172 0
301 172 0
302 173 0
303 174 0
304 175 0
305 176 0
306 177 0
307 178 0
308 180 0
309 182 0
310 183 0
311 184 0
312 184 0
313 184 0
314 185 0
315 186 0
316 186 0
317 186 0
318 187 0
319 188 0
320 189 0
321 190 0
322 191 0
323 192 0
324 193 0
325 193 0
326 193 0
327 194 0
328 195 0
329 197 0
330 198 0
331 200 0
332 201 0
333 201 0
334 201 0
335 202 0
336 204 0
337 205 0
338 206 0
339 207 0
340 208 0
341 210 0
342 211 0
343 212 0
344 213 0
345 213 0
346 213 0
347 214 0
348 214 0
349 214 0
350 215 0
351 217 0
352 218 0
353 219 0
354 220 0
355 221 0
356 222 0
357 224 0
358 225 0
359 226 0
360 227 0
361 227 0
362 227 0
363 228 0
364 229 0
365 230 0
366 231 0
367 232 0
368 233 0
369 234 0
370 234 0
371 234 0
372 235 0
373 236 0
374 237 0
375 237 0
376 237 0
377 238 0
378 239 0
379 239 0
380 239 0
381 240 0
382 241 0
383 242 0
384 243 0
385 244 0
386 245 0
387 246 0
388 247 0
389 248 0
390 249 0
391 250 0
392 250 0
393 250 0
394 251 0
395 252 0
396 252 0
397 252 0
398 253 0
399 254 0
400 255 0
401 256 0
402 257 0
403 258 0
404 259 0
405 260 0
406 260 0
407 261 0
408 261 0
409 262 0
410 263 0
411 263 0
412 264 0
413 265 0
414 265 0
415 265 0
416 266 0
417 267 0
418 268 0
419 268 0
420 268 0
421 269 0
422 269 0
423 270 0
424 270 0
425 271 0
426 271 0
427 272 0
428 272 0
429 273 0
430 273 0
431 274 0
432 274 0
433 275 0
434 275 0
435 276 0
436 277 0
437 277 0
438 278 0
439 278 0
440 279 0
441 280 0
442 280 0
443 281 0
444 281 0
445 282 0
446 282 0
447 283 0
448 283 0
449 284 0
450 284 0
451 285 0
452 286 0
453 287 0
454 287 0
455 288 0
456 289 0
457 289 0
458 290 0
459 290 0
460 291 0
461 291 0
462 292 0
463 292 0
464 293 0
465 293 0
466 294 0
467 294 0
468 295 0
469 295 0
470 296 0
471 296 0
472 297 0
473 297 0
474 298 0
475 298 0
476 299 0
477 299 0
478 300 0
479 300 0
480 301 0
481 301 0
482 302 0
483 302 0
484 303 0
485 303 0
486 304 0
487 304 0
488 305 0
489 305 0
490 306 0
491 306 0
492 307 0
493 307 0
494 308 0
495 308 0
496 309 0
497 309 0
498 310 0
499 310 0
500 311 0
501 311 0
502 312 0
503 312 0
504 313 0
505 313 0
506 314 0
507 314 0
508 315 0
509 315 0
510 316 0
511 316 0
512 317 0
513 317 0
514 318 0
515 318 0
516 319 0
517 319 0
518 320 0
519 321 0
520 321 0
521 322 0
522 322 0
523 323 0
524 323 0
525 324 0
526 324 0
527 325 0
528 325 0
529 326 0
530 326 0
531 327 0
532 328 0
533 328 0
534 329 0
535 329 0
536 330 0
537 330 0
538 331 0
539 331 0
540 332 0
541 332 0
542 333 0
543 333 0
544 334 0
545 334 0
546 335 0
547 335 0
548 336 0
549 337 0
550 337 0
551 338 0
552 338 0
553 339 0
554 340 0
555 340 0
556 341 0
557 341 0
558 342 0
559 342 0
560 343 0
561 343 0
562 344 0
563 344 0
564 345 0
565 345 0
566 346 0
567 346 0
568 347 0
569 347 0
570 348 0
571 348 0
572 349 0
573 349 0
